0 0.703125 0.12740384615384615 0.20192307692307693 0.21394230769230768
0 0.734375 0.31009615384615385 0.19230769230769232 0.25721153846153844
0 0.8629807692307693 0.11778846153846154 0.07692307692307693 0.14182692307692307
0 0.4567307692307692 0.23317307692307693 0.09134615384615384 0.16826923076923078
0 0.30288461538461536 0.18990384615384615 0.21875 0.3076923076923077
0 0.1466346153846154 0.265625 0.13701923076923078 0.20432692307692307
0 0.9158653846153846 0.6021634615384616 0.16826923076923078 0.2764423076923077
0 0.8353365384615384 0.6947115384615384 0.12259615384615384 0.1778846153846154
0 0.5216346153846154 0.41466346153846156 0.13942307692307693 0.17067307692307693
0 0.25721153846153844 0.3894230769230769 0.13221153846153846 0.17067307692307693
0 0.3858173076923077 0.48197115384615385 0.11538461538461539 0.16346153846153846
0 0.6634615384615384 0.796875 0.23798076923076922 0.33653846153846156
0 0.25600961538461536 0.6598557692307693 0.24519230769230768 0.3173076923076923
0 0.4483173076923077 0.7536057692307693 0.11057692307692307 0.16346153846153846
0 0.07091346153846154 0.8137019230769231 0.13942307692307693 0.20192307692307693