0 0.6454326923076923 0.15625 0.11538461538461539 0.09615384615384616
0 0.5661057692307693 0.14783653846153846 0.09615384615384616 0.0889423076923077
0 0.6538461538461539 0.40384615384615385 0.15384615384615385 0.12980769230769232
0 0.6213942307692307 0.2668269230769231 0.11057692307692307 0.09615384615384616
0 0.7055288461538461 0.5841346153846154 0.09375 0.08653846153846154
0 0.6201923076923077 0.6262019230769231 0.125 0.11778846153846154
0 0.6478365384615384 0.7644230769230769 0.125 0.11538461538461539
0 0.5721153846153846 0.7836538461538461 0.08653846153846154 0.08653846153846154
0 0.5240384615384616 0.5673076923076923 0.10576923076923077 0.09134615384615384
0 0.5348557692307693 0.46875 0.09615384615384616 0.09615384615384616
0 0.6129807692307693 0.5204326923076923 0.10817307692307693 0.08173076923076923
0 0.5120192307692307 0.38461538461538464 0.07211538461538461 0.055288461538461536
0 0.5372596153846154 0.6346153846153846 0.07211538461538461 0.06009615384615385