0 0.7403846153846154 0.040865384615384616 0.23317307692307693 0.08173076923076923
0 0.5997596153846154 0.06009615384615385 0.21153846153846154 0.1201923076923077
0 0.6802884615384616 0.18389423076923078 0.20432692307692307 0.1201923076923077
0 0.5721153846153846 0.2512019230769231 0.22596153846153846 0.13942307692307693
0 0.8653846153846154 0.17067307692307693 0.13942307692307693 0.10096153846153846
0 0.9074519230769231 0.31009615384615385 0.16105769230769232 0.11057692307692307
0 0.8353365384615384 0.46274038461538464 0.1346153846153846 0.10576923076923077
0 0.7403846153846154 0.40384615384615385 0.13942307692307693 0.09615384615384616
0 0.9495192307692307 0.6814903846153846 0.10096153846153846 0.10817307692307693
0 0.8954326923076923 0.8401442307692307 0.20673076923076922 0.13221153846153846
0 0.5276442307692307 0.6358173076923077 0.4639423076923077 0.28365384615384615
0 0.3701923076923077 0.09375 0.4110576923076923 0.1875
0 0.34975961538461536 0.8689903846153846 0.40384615384615385 0.23798076923076922
0 0.22596153846153846 0.46634615384615385 0.4519230769230769 0.38461538461538464