0 0.7800480769230769 0.8689903846153846 0.22596153846153846 0.11057692307692307
0 0.6899038461538461 0.7524038461538461 0.1971153846153846 0.11298076923076923
0 0.8173076923076923 0.7211538461538461 0.16346153846153846 0.09615384615384616
0 0.7091346153846154 0.6394230769230769 0.18269230769230768 0.10576923076923077
0 0.8942307692307693 0.5853365384615384 0.20673076923076922 0.11057692307692307
0 0.921875 0.4495192307692308 0.15625 0.0985576923076923
0 0.6790865384615384 0.4387019230769231 0.16826923076923078 0.10336538461538461
0 0.9471153846153846 0.30408653846153844 0.10576923076923077 0.12740384615384615
0 0.8665865384615384 0.3173076923076923 0.11538461538461539 0.10096153846153846
0 0.7848557692307693 0.31850961538461536 0.09615384615384616 0.09375
0 0.7115384615384616 0.3016826923076923 0.07692307692307693 0.07211538461538461
0 0.27403846153846156 0.6213942307692307 0.09615384615384616 0.125
0 0.24879807692307693 0.5564903846153846 0.10336538461538461 0.10576923076923077
0 0.19110576923076922 0.6069711538461539 0.08413461538461539 0.09134615384615384
0 0.18990384615384615 0.7908653846153846 0.07211538461538461 0.0625