0 0.7668269230769231 0.056490384615384616 0.22596153846153846 0.11298076923076923
0 0.6322115384615384 0.07692307692307693 0.20432692307692307 0.13942307692307693
0 0.7103365384615384 0.21033653846153846 0.1971153846153846 0.11538461538461539
0 0.6057692307692307 0.2764423076923077 0.22115384615384615 0.1346153846153846
0 0.890625 0.19831730769230768 0.1346153846153846 0.09615384615384616
0 0.9254807692307693 0.33413461538461536 0.14903846153846154 0.10576923076923077
0 0.8605769230769231 0.48197115384615385 0.13221153846153846 0.10576923076923077
0 0.7692307692307693 0.42427884615384615 0.1346153846153846 0.09134615384615384
0 0.9615384615384616 0.6923076923076923 0.07692307692307693 0.10576923076923077
0 0.9086538461538461 0.8485576923076923 0.18269230769230768 0.12980769230769232
0 0.5625 0.6490384615384616 0.4519230769230769 0.27403846153846156
0 0.40865384615384615 0.10817307692307693 0.39903846153846156 0.21634615384615385
0 0.3894230769230769 0.8762019230769231 0.3894230769230769 0.23076923076923078
0 0.25721153846153844 0.4831730769230769 0.46875 0.375