0 0.9627403846153846 0.8966346153846154 0.07451923076923077 0.20673076923076922
0 0.8533653846153846 0.8209134615384616 0.13221153846153846 0.23076923076923078
0 0.8161057692307693 0.9362980769230769 0.11298076923076923 0.12740384615384615
0 0.7199519230769231 0.8425480769230769 0.125 0.21634615384615385
0 0.65625 0.96875 0.12980769230769232 0.0625
0 0.4831730769230769 0.8088942307692307 0.1201923076923077 0.1971153846153846
0 0.34134615384615385 0.9795673076923077 0.1201923076923077 0.040865384615384616
0 0.3425480769230769 0.9326923076923077 0.11057692307692307 0.11538461538461539
0 0.3233173076923077 0.8461538461538461 0.08653846153846154 0.09134615384615384
0 0.6995192307692307 0.3329326923076923 0.1466346153846154 0.11057692307692307
0 0.6225961538461539 0.3016826923076923 0.125 0.1201923076923077
0 0.6814903846153846 0.234375 0.10576923076923077 0.10096153846153846
0 0.8990384615384616 0.23317307692307693 0.07211538461538461 0.08653846153846154