0 0.7668269230769231 0.11899038461538461 0.25961538461538464 0.125
0 0.6634615384615384 0.25240384615384615 0.22596153846153846 0.12980769230769232
0 0.8100961538461539 0.28846153846153844 0.1875 0.11057692307692307
0 0.6850961538461539 0.38221153846153844 0.21153846153846154 0.1201923076923077
0 0.8882211538461539 0.44471153846153844 0.22355769230769232 0.125
0 0.9194711538461539 0.5997596153846154 0.16105769230769232 0.11298076923076923
0 0.6526442307692307 0.6117788461538461 0.18990384615384615 0.11778846153846154
0 0.9483173076923077 0.765625 0.10336538461538461 0.1466346153846154
0 0.8653846153846154 0.75 0.13221153846153846 0.11538461538461539
0 0.7716346153846154 0.7487980769230769 0.11057692307692307 0.10817307692307693
0 0.6887019230769231 0.7680288461538461 0.09134615384615384 0.08173076923076923
0 0.18870192307692307 0.4026442307692308 0.11057692307692307 0.14182692307692307
0 0.15865384615384615 0.47716346153846156 0.11778846153846154 0.1201923076923077
0 0.09375 0.41947115384615385 0.09615384615384616 0.10576923076923077
0 0.09254807692307693 0.2091346153846154 0.08173076923076923 0.06971153846153846