0 0.171875 0.3954326923076923 0.18269230769230768 0.17307692307692307
0 0.3293269230769231 0.36899038461538464 0.22115384615384615 0.16346153846153846
0 0.16346153846153846 0.25721153846153844 0.12259615384615384 0.06490384615384616
0 0.26322115384615385 0.609375 0.14423076923076922 0.08173076923076923
0 0.22596153846153846 0.7415865384615384 0.2644230769230769 0.18990384615384615
0 0.28966346153846156 0.8762019230769231 0.1778846153846154 0.11778846153846154
0 0.41466346153846156 0.036057692307692304 0.12259615384615384 0.07211538461538461
0 0.5528846153846154 0.04567307692307692 0.15865384615384615 0.09134615384615384
0 0.5829326923076923 0.19951923076923078 0.2403846153846154 0.17307692307692307
0 0.6610576923076923 0.28125 0.15384615384615385 0.10576923076923077
0 0.41947115384615385 0.5528846153846154 0.14903846153846154 0.1201923076923077
0 0.39783653846153844 0.7800480769230769 0.1466346153846154 0.11538461538461539
0 0.47716346153846156 0.6694711538461539 0.13942307692307693 0.0985576923076923
0 0.7487980769230769 0.43028846153846156 0.28846153846153844 0.20673076923076922
0 0.6310096153846154 0.7824519230769231 0.27403846153846156 0.21153846153846154
0 0.7115384615384616 0.6153846153846154 0.14423076923076922 0.09615384615384616
0 0.7632211538461539 0.9399038461538461 0.17307692307692307 0.1201923076923077