0 0.04807692307692308 0.7908653846153846 0.09615384615384616 0.2548076923076923
0 0.06971153846153846 0.6358173076923077 0.13942307692307693 0.2283653846153846
0 0.20793269230769232 0.7247596153846154 0.13221153846153846 0.22355769230769232
0 0.2824519230769231 0.6069711538461539 0.15384615384615385 0.25
0 0.19471153846153846 0.9254807692307693 0.11057692307692307 0.14903846153846154
0 0.3473557692307692 0.9423076923076923 0.1201923076923077 0.11538461538461539
0 0.5144230769230769 0.8954326923076923 0.11778846153846154 0.14903846153846154
0 0.4495192307692308 0.7920673076923077 0.10336538461538461 0.15384615384615385
0 0.7524038461538461 0.9831730769230769 0.1201923076923077 0.03365384615384615
0 0.9278846153846154 0.9230769230769231 0.14423076923076922 0.15384615384615385
0 0.7043269230769231 0.5576923076923077 0.3125 0.5072115384615384
0 0.10697115384615384 0.3858173076923077 0.21153846153846154 0.4519230769230769
0 0.9158653846153846 0.3605769230769231 0.16826923076923078 0.4423076923076923
0 0.5180288461538461 0.23798076923076922 0.4230769230769231 0.47596153846153844