0 0.8389423076923077 0.6478365384615384 0.09615384615384616 0.11538461538461539
0 0.8473557692307693 0.5697115384615384 0.08653846153846154 0.09375
0 0.59375 0.65625 0.12740384615384615 0.15384615384615385
0 0.7295673076923077 0.6237980769230769 0.09615384615384616 0.10817307692307693
0 0.41586538461538464 0.7067307692307693 0.08653846153846154 0.09134615384615384
0 0.375 0.6225961538461539 0.11538461538461539 0.125
0 0.23798076923076922 0.6502403846153846 0.11538461538461539 0.125
0 0.21875 0.5757211538461539 0.08653846153846154 0.08653846153846154
0 0.4326923076923077 0.5276442307692307 0.09134615384615384 0.10576923076923077
0 0.5300480769230769 0.5384615384615384 0.09375 0.09375
0 0.47836538461538464 0.6165865384615384 0.08173076923076923 0.10576923076923077
0 0.6141826923076923 0.515625 0.055288461538461536 0.07211538461538461
0 0.36538461538461536 0.5408653846153846 0.06009615384615385 0.07211538461538461