0 0.8990384615384616 0.6021634615384616 0.20192307692307693 0.20192307692307693
0 0.7199519230769231 0.6334134615384616 0.25961538461538464 0.19230769230769232
0 0.9134615384615384 0.7632211538461539 0.14423076923076922 0.07692307692307693
0 0.796875 0.35336538461538464 0.16826923076923078 0.09375
0 0.8401442307692307 0.19831730769230768 0.3076923076923077 0.22115384615384615
0 0.765625 0.055288461538461536 0.20673076923076922 0.11057692307692307
0 0.6189903846153846 0.9891826923076923 0.14423076923076922 0.021634615384615384
0 0.45913461538461536 0.9783653846153846 0.1875 0.04326923076923077
0 0.42427884615384615 0.8293269230769231 0.27884615384615385 0.20192307692307693
0 0.3329326923076923 0.734375 0.1778846153846154 0.12259615384615384
0 0.6141826923076923 0.4182692307692308 0.17307692307692307 0.13942307692307693
0 0.640625 0.15264423076923078 0.17067307692307693 0.13221153846153846
0 0.546875 0.2824519230769231 0.16346153846153846 0.11538461538461539
0 0.23076923076923078 0.5612980769230769 0.33653846153846156 0.2403846153846154
0 0.36899038461538464 0.15144230769230768 0.31971153846153844 0.24519230769230768
0 0.27403846153846156 0.3449519230769231 0.1658653846153846 0.11057692307692307
0 0.21394230769230768 0.018028846153846152 0.20192307692307693 0.036057692307692304