0 0.6370192307692307 0.09375 0.12980769230769232 0.10817307692307693
0 0.5480769230769231 0.08413461538461539 0.10576923076923077 0.0985576923076923
0 0.6466346153846154 0.36899038461538464 0.17067307692307693 0.14423076923076922
0 0.609375 0.21634615384615385 0.1201923076923077 0.10817307692307693
0 0.703125 0.5685096153846154 0.10336538461538461 0.0985576923076923
0 0.6081730769230769 0.6153846153846154 0.13942307692307693 0.12980769230769232
0 0.6394230769230769 0.7692307692307693 0.13942307692307693 0.12740384615384615
0 0.5552884615384616 0.7908653846153846 0.09615384615384616 0.09615384615384616
0 0.5012019230769231 0.5504807692307693 0.1201923076923077 0.10336538461538461
0 0.5144230769230769 0.43990384615384615 0.10576923076923077 0.10576923076923077
0 0.6009615384615384 0.49759615384615385 0.1201923076923077 0.09134615384615384
0 0.4879807692307692 0.34615384615384615 0.08173076923076923 0.0625
0 0.5168269230769231 0.625 0.08173076923076923 0.0673076923076923